7.615451200000000000e+07
6.508890000000000000e+07
1.368721400000000000e+07
1.504500400000000000e+07
4.200196000000000000e+06
7.303615200000000000e+07
5.173651600000000000e+07
2.187084200000000000e+07
-2.308506800000000000e+07
1.263567440000000000e+08
5.808977200000000000e+07
2.971737200000000000e+07
5.097512800000000000e+07
7.717917600000000000e+07
2.237629000000000000e+07
1.312553500000000000e+07
8.793024000000000000e+07
5.023164800000000000e+07
4.773708800000000000e+07
-3.259433500000000000e+06
-4.956633000000000000e+06
3.504742000000000000e+06
1.467967000000000000e+07
6.508890000000000000e+07
1.164702880000000000e+08
2.857576200000000000e+07
-6.604540500000000000e+06
-5.499179600000000000e+07
1.123362720000000000e+08
8.488019200000000000e+07
3.817770000000000000e+07
-7.863134400000000000e+07
1.430119520000000000e+08
8.084230400000000000e+07
3.691575600000000000e+07
6.749566400000000000e+07
1.021297120000000000e+08
-2.875638800000000000e+07
8.640477000000000000e+06
1.022209920000000000e+08
1.057140160000000000e+08
4.595403200000000000e+07
-4.392637500000000000e+06
4.757152000000000000e+07
6.068296000000000000e+06
-3.809517200000000000e+07
1.368721400000000000e+07
2.857576200000000000e+07
6.095349200000000000e+07
3.669433600000000000e+07
1.721345600000000000e+07
2.496748600000000000e+07
4.298439200000000000e+07
4.720626000000000000e+07
1.946472400000000000e+07
3.940901750000000000e+06
4.441741200000000000e+07
4.419242400000000000e+07
-2.295290625000000000e+05
-7.915847000000000000e+06
4.247956400000000000e+07
6.633195200000000000e+07
4.275566500000000000e+06
4.636334800000000000e+07
-3.489766800000000000e+07
-8.347596000000000000e+06
-4.072491000000000000e+06
-1.373307500000000000e+06
3.921468800000000000e+07
1.504500400000000000e+07
-6.604540500000000000e+06
3.669433600000000000e+07
1.205147840000000000e+08
5.264370400000000000e+07
-9.290062000000000000e+06
4.654305200000000000e+07
6.226308400000000000e+07
8.056212800000000000e+07
-5.299429600000000000e+07
5.137669600000000000e+07
9.373407200000000000e+07
-1.306162200000000000e+07
-4.410660000000000000e+07
8.468265600000000000e+07
1.245045120000000000e+08
-4.466321200000000000e+07
2.025927800000000000e+07
8.754989000000000000e+06
1.025786500000000000e+07
-3.727979500000000000e+06
-4.325388000000000000e+06
7.898775200000000000e+07
4.200196000000000000e+06
-5.499179600000000000e+07
1.721345600000000000e+07
5.264370400000000000e+07
2.224908640000000000e+08
-9.799428800000000000e+07
-7.814163200000000000e+07
-2.527285200000000000e+07
2.304469600000000000e+08
-1.242064000000000000e+08
-7.238716000000000000e+07
-3.146174400000000000e+07
-5.180157200000000000e+07
-1.212915120000000000e+08
1.128219600000000000e+08
6.459943600000000000e+07
-1.282309280000000000e+08
-1.337086800000000000e+08
-2.142907200000000000e+07
-5.433504000000000000e+07
-8.155398400000000000e+07
1.682170600000000000e+07
1.133501760000000000e+08
7.303615200000000000e+07
1.123362720000000000e+08
2.496748600000000000e+07
-9.290062000000000000e+06
-9.799428800000000000e+07
1.443494880000000000e+08
1.024835360000000000e+08
3.070919000000000000e+07
-1.234207120000000000e+08
2.045326400000000000e+08
1.007506160000000000e+08
3.484097600000000000e+07
8.614940800000000000e+07
1.359458880000000000e+08
-3.361404400000000000e+07
-1.930520500000000000e+06
1.688333920000000000e+08
1.362160640000000000e+08
4.337054000000000000e+07
1.141369200000000000e+07
4.598704800000000000e+07
-1.035026000000000000e+06
-4.217698400000000000e+07
5.173651600000000000e+07
8.488019200000000000e+07
4.298439200000000000e+07
4.654305200000000000e+07
-7.814163200000000000e+07
1.024835360000000000e+08
1.212202560000000000e+08
5.760758400000000000e+07
-8.116007200000000000e+07
1.044479280000000000e+08
1.179589200000000000e+08
8.894621600000000000e+07
4.932258400000000000e+07
7.833202400000000000e+07
8.480358000000000000e+06
6.103397200000000000e+07
9.261720000000000000e+07
1.405507840000000000e+08
3.112830000000000000e+07
1.802232800000000000e+07
4.322574400000000000e+07
-7.333342000000000000e+06
-8.061648750000000000e+05
2.187084200000000000e+07
3.817770000000000000e+07
4.720626000000000000e+07
6.226308400000000000e+07
-2.527285200000000000e+07
3.070919000000000000e+07
5.760758400000000000e+07
9.680652800000000000e+07
-3.046372000000000000e+07
6.297446000000000000e+06
6.620882400000000000e+07
1.017521360000000000e+08
8.479082000000000000e+06
2.072610200000000000e+07
2.268805200000000000e+07
7.698967200000000000e+07
-3.150657500000000000e+05
6.258800800000000000e+07
-1.400674100000000000e+07
1.537689500000000000e+07
1.846779000000000000e+07
-4.225202500000000000e+06
1.852805000000000000e+07
-2.308506800000000000e+07
-7.863134400000000000e+07
1.946472400000000000e+07
8.056212800000000000e+07
2.304469600000000000e+08
-1.234207120000000000e+08
-8.116007200000000000e+07
-3.046372000000000000e+07
3.179383680000000000e+08
-2.005061920000000000e+08
-9.408998400000000000e+07
-3.707953200000000000e+07
-5.257258400000000000e+07
-1.800011200000000000e+08
1.277973600000000000e+08
8.510352000000000000e+07
-1.720376640000000000e+08
-1.606453440000000000e+08
-6.691711500000000000e+06
-4.160188800000000000e+07
-6.263336800000000000e+07
1.473447300000000000e+07
1.261968960000000000e+08
1.263567440000000000e+08
1.430119520000000000e+08
3.940901750000000000e+06
-5.299429600000000000e+07
-1.242064000000000000e+08
2.045326400000000000e+08
1.044479280000000000e+08
6.297446000000000000e+06
-2.005061920000000000e+08
3.897753920000000000e+08
1.176690240000000000e+08
-1.870315200000000000e+07
1.329210480000000000e+08
2.347645280000000000e+08
-5.252762000000000000e+07
-6.680319600000000000e+07
2.982608320000000000e+08
1.473071200000000000e+08
8.725540000000000000e+07
1.742975200000000000e+07
2.760765800000000000e+07
2.936359250000000000e+06
-6.395475200000000000e+07
5.808977200000000000e+07
8.084230400000000000e+07
4.441741200000000000e+07
5.137669600000000000e+07
-7.238716000000000000e+07
1.007506160000000000e+08
1.179589200000000000e+08
6.620882400000000000e+07
-9.408998400000000000e+07
1.176690240000000000e+08
1.322883520000000000e+08
1.043288080000000000e+08
3.804654400000000000e+07
8.626731200000000000e+07
3.058391600000000000e+07
7.318713600000000000e+07
9.860478400000000000e+07
1.399305120000000000e+08
2.773515800000000000e+07
1.936659800000000000e+07
2.222317200000000000e+07
-7.908649000000000000e+06
2.154300600000000000e+07
2.971737200000000000e+07
3.691575600000000000e+07
4.419242400000000000e+07
9.373407200000000000e+07
-3.146174400000000000e+07
3.484097600000000000e+07
8.894621600000000000e+07
1.017521360000000000e+08
-3.707953200000000000e+07
-1.870315200000000000e+07
1.043288080000000000e+08
1.721089120000000000e+08
-4.285891250000000000e+05
1.611724000000000000e+07
5.993549600000000000e+07
1.278572800000000000e+08
-9.926090000000000000e+06
9.316030400000000000e+07
-7.533469000000000000e+06
1.579819600000000000e+07
5.002354000000000000e+06
-1.034966500000000000e+07
5.534201200000000000e+07
5.097512800000000000e+07
6.749566400000000000e+07
-2.295290625000000000e+05
-1.306162200000000000e+07
-5.180157200000000000e+07
8.614940800000000000e+07
4.932258400000000000e+07
8.479082000000000000e+06
-5.257258400000000000e+07
1.329210480000000000e+08
3.804654400000000000e+07
-4.285891250000000000e+05
7.748958400000000000e+07
9.012472800000000000e+07
-3.881145600000000000e+07
-2.927754800000000000e+07
1.108638240000000000e+08
5.923971200000000000e+07
4.114396000000000000e+07
7.518725000000000000e+06
4.337587200000000000e+07
5.918079500000000000e+06
-4.393814400000000000e+07
7.717917600000000000e+07
1.021297120000000000e+08
-7.915847000000000000e+06
-4.410660000000000000e+07
-1.212915120000000000e+08
1.359458880000000000e+08
7.833202400000000000e+07
2.072610200000000000e+07
-1.800011200000000000e+08
2.347645280000000000e+08
8.626731200000000000e+07
1.611724000000000000e+07
9.012472800000000000e+07
1.794159200000000000e+08
-7.125454400000000000e+07
-5.944263600000000000e+07
1.880670400000000000e+08
1.211685840000000000e+08
4.914965600000000000e+07
1.900105200000000000e+07
4.341558000000000000e+07
3.973687500000000000e+06
-7.642128000000000000e+07
2.237629000000000000e+07
-2.875638800000000000e+07
4.247956400000000000e+07
8.468265600000000000e+07
1.128219600000000000e+08
-3.361404400000000000e+07
8.480358000000000000e+06
2.268805200000000000e+07
1.277973600000000000e+08
-5.252762000000000000e+07
3.058391600000000000e+07
5.993549600000000000e+07
-3.881145600000000000e+07
-7.125454400000000000e+07
1.488201600000000000e+08
1.104475120000000000e+08
-4.618635600000000000e+07
-2.852134200000000000e+07
-5.990501500000000000e+06
-1.425788300000000000e+07
-7.725580000000000000e+07
-5.858045000000000000e+06
1.442479840000000000e+08
1.312553500000000000e+07
8.640477000000000000e+06
6.633195200000000000e+07
1.245045120000000000e+08
6.459943600000000000e+07
-1.930520500000000000e+06
6.103397200000000000e+07
7.698967200000000000e+07
8.510352000000000000e+07
-6.680319600000000000e+07
7.318713600000000000e+07
1.278572800000000000e+08
-2.927754800000000000e+07
-5.944263600000000000e+07
1.104475120000000000e+08
1.786181120000000000e+08
-6.071474400000000000e+07
4.377838000000000000e+07
-2.363916000000000000e+07
-6.782090000000000000e+06
-2.937975600000000000e+07
-4.166966250000000000e+06
1.050979840000000000e+08
8.793025600000000000e+07
1.022210080000000000e+08
4.275561000000000000e+06
-4.466318800000000000e+07
-1.282309280000000000e+08
1.688334080000000000e+08
9.261721600000000000e+07
-3.150695000000000000e+05
-1.720376480000000000e+08
2.982608640000000000e+08
9.860480800000000000e+07
-9.926106000000000000e+06
1.108638480000000000e+08
1.880670400000000000e+08
-4.618634000000000000e+07
-6.071475200000000000e+07
2.607704480000000000e+08
1.335392400000000000e+08
4.725604400000000000e+07
2.190918400000000000e+07
2.741755600000000000e+07
-2.946546750000000000e+06
-5.264341600000000000e+07
5.023166000000000000e+07
1.057140400000000000e+08
4.636334800000000000e+07
2.025928800000000000e+07
-1.337086880000000000e+08
1.362160800000000000e+08
1.405508160000000000e+08
6.258800800000000000e+07
-1.606452960000000000e+08
1.473071200000000000e+08
1.399305440000000000e+08
9.316030400000000000e+07
5.923973600000000000e+07
1.211685760000000000e+08
-2.852133400000000000e+07
4.377837600000000000e+07
1.335392400000000000e+08
1.972657440000000000e+08
7.805431000000000000e+06
2.065731200000000000e+07
6.052146400000000000e+07
-7.077078500000000000e+06
-3.530884800000000000e+07
4.773706000000000000e+07
4.595398400000000000e+07
-3.489766000000000000e+07
8.754969000000000000e+06
-2.142906000000000000e+07
4.337052400000000000e+07
3.112828600000000000e+07
-1.400673000000000000e+07
-6.691713500000000000e+06
8.725535200000000000e+07
2.773513200000000000e+07
-7.533457000000000000e+06
4.114394400000000000e+07
4.914967200000000000e+07
-5.990519000000000000e+06
-2.363915400000000000e+07
4.725604400000000000e+07
7.805431000000000000e+06
1.253420560000000000e+08
2.004773600000000000e+07
3.055050600000000000e+07
4.235844687500000000e+05
-1.732343200000000000e+07
-3.259435500000000000e+06
-4.392644500000000000e+06
-8.347590000000000000e+06
1.025785200000000000e+07
-5.433502400000000000e+07
1.141368700000000000e+07
1.802231200000000000e+07
1.537690500000000000e+07
-4.160190400000000000e+07
1.742973200000000000e+07
1.936658400000000000e+07
1.579820900000000000e+07
7.518721000000000000e+06
1.900106400000000000e+07
-1.425788800000000000e+07
-6.782079000000000000e+06
2.190918400000000000e+07
2.065731200000000000e+07
2.004773600000000000e+07
3.116714800000000000e+07
2.150108800000000000e+07
-8.209760500000000000e+06
-1.572394200000000000e+07
-4.956645000000000000e+06
4.757149600000000000e+07
-4.072483750000000000e+06
-3.727988000000000000e+06
-8.155396000000000000e+07
4.598703600000000000e+07
4.322571600000000000e+07
1.846779600000000000e+07
-6.263338000000000000e+07
2.760764200000000000e+07
2.222314800000000000e+07
5.002393000000000000e+06
4.337585600000000000e+07
4.341559200000000000e+07
-7.725581600000000000e+07
-2.937974200000000000e+07
2.741756800000000000e+07
6.052147600000000000e+07
3.055050400000000000e+07
2.150108200000000000e+07
1.033397440000000000e+08
4.349687000000000000e+06
-8.057356800000000000e+07
3.504745750000000000e+06
6.068299500000000000e+06
-1.373308625000000000e+06
-4.325385500000000000e+06
1.682170400000000000e+07
-1.035021125000000000e+06
-7.333339000000000000e+06
-4.225203000000000000e+06
1.473448200000000000e+07
2.936364750000000000e+06
-7.908645500000000000e+06
-1.034966800000000000e+07
5.918085000000000000e+06
3.973682500000000000e+06
-5.858043500000000000e+06
-4.166966500000000000e+06
-2.946552250000000000e+06
-7.077081000000000000e+06
4.235872812500000000e+05
-8.209758500000000000e+06
4.349687000000000000e+06
9.522961000000000000e+06
-5.739044000000000000e+06
1.467967600000000000e+07
-3.809516800000000000e+07
3.921468800000000000e+07
7.898775200000000000e+07
1.133501760000000000e+08
-4.217697200000000000e+07
-8.061555625000000000e+05
1.852805400000000000e+07
1.261969200000000000e+08
-6.395476000000000000e+07
2.154301200000000000e+07
5.534200800000000000e+07
-4.393814400000000000e+07
-7.642128000000000000e+07
1.442479840000000000e+08
1.050979840000000000e+08
-5.264342000000000000e+07
-3.530885200000000000e+07
-1.732341600000000000e+07
-1.572393900000000000e+07
-8.057356800000000000e+07
-5.739044000000000000e+06
1.415049440000000000e+08
